## type:chaos
## dim:500.0, 300.0
0.0	0.0	153.0
152.857634848	-300.0	27.0
428.551462899	241.079603236	-133.950276047
-132.726853281	-300.0	-46.0497239525
-536.437597497	89.1824127278	80.6377022248
420.364355618	246.933161675	168.567510051
502.926203242	-161.332996357	-103.502682122
-74.5443455384	-300.0	-76.4973178778
-468.702453792	-205.351495503	-9.89606102695
-525.316889101	119.166314769	56.7051958239
-249.969501942	300.0	123.294804176
486.963617567	-183.978922568	-47.6431634222
-43.8634772344	300.0	-132.356836578
-518.86661673	-133.081713275	79.6885025575
543.882926987	60.2729228232	-102.868829249
-492.575150258	-176.514295391	30.7844253671
-208.691151316	300.0	149.215574633
148.759613568	-300.0	30.7844253671
456.903105861	217.235137086	-123.575330163
-312.43119589	-293.432012193	-32.402141642
-542.092249216	68.4260034469	58.7710468793
-160.153840339	300.0	121.228953121
526.522819318	-116.34057932	-75.5933569277
-509.871983011	149.888466688	135.544169791
-68.4490494989	-300.0	44.4558302093
447.48633693	225.829906624	-142.116989661
38.3892806001	-300.0	-37.8830103386
-398.022852545	260.939140653	158.753158124
-179.921144633	-300.0	21.2468418764
53.3680221641	300.0	158.753158124
285.82261822	-297.85355466	7.53088228188
361.992248982	278.312299706	-143.69139356
-62.9541258597	-300.0	-36.3086064401
-448.610319675	224.842035479	133.398180861
106.429870609	-300.0	46.601819139
531.982773536	102.399782369	-86.5179882411
-500.405672063	165.218035936	153.351763949
-267.199371045	-299.506563594	33.2215161385
125.428346238	300.0	146.778483862
461.345871489	-212.915294435	-56.3545897692
-302.398889878	295.388483762	-143.76350109
-547.455311328	-38.9915088552	128.827587589
-223.14610864	-300.0	51.1724124114
439.045957189	232.941250255	-153.049561277
168.079252164	-300.0	-26.9504387233
-136.982558941	300.0	-153.049561277
-416.422598663	-249.606727983	40.4354531072
51.9161079638	300.0	139.564546893
475.835649253	-197.479769917	-57.229038564
-292.304854365	297.002187361	-138.984266498
-549.999128322	0.723191495084	139.260505568
-293.736288228	-296.794772683	57.5052776345
478.122512825	194.833567802	-138.504852317
40.4054571238	-300.0	-41.4951476831
-434.334306904	236.687268982	145.671548896
-67.8404298202	-300.0	34.3284511039
333.744728297	288.074331523	178.090402041
352.746859109	-281.856493527	-38.147647021
-104.268779616	300.0	-141.852352979
-485.688198416	-185.610002768	65.4098244102
435.357668189	235.886699166	-169.089929214
334.400038668	-287.883020466	-43.589682838
-225.231572756	300.0	-136.410317162
-547.512769061	-38.5506452022	121.644225356
-123.267003793	-300.0	58.3557746442
531.562173051	103.550677	-98.7399902702
-543.578836631	-61.7370770455	74.9884625983
465.382433821	208.831049418	-163.218896787
314.024607644	-293.088467218	-41.4262561726
-209.336440583	300.0	-138.573743827
-540.422808846	-75.1970218943	109.540987733
92.9608730695	-300.0	70.4590122672
508.29645003	-152.587495889	-9.31444406412
446.021534886	227.1025272	-89.0879003954
-428.622089484	241.027278847	-163.995397898
-529.222747814	-109.702584761	121.0971046
-213.72707141	-300.0	58.9028954
515.431946824	139.806586417	-114.455657945
-383.120070737	-268.847627416	-12.8596594206
-486.601856585	184.443924976	88.7363391041
468.550445506	205.51326665	-175.214509246
431.337747772	-238.990839224	-79.1653575951
-545.450811823	-52.0463043183	59.1840326025
44.738337084	300.0	120.815967397
549.996801233	-1.3853700268	-120.286793146
38.7085935561	-300.0	-59.713206854
-547.031600807	42.0978398757	75.8466440275
372.315636062	273.932263844	152.276581761
544.984531309	-54.6271570569	-131.293480506
266.11129461	-299.567064588	-54.8635427733
-461.655131792	212.607867178	145.120871953
-104.332471299	-300.0	34.8791280466
309.72273415	293.995229597	168.086708759
423.397884932	-244.812527255	-58.705710528
-403.432531847	257.79538043	177.18588391
-377.410024926	-271.600231127	53.0774783473
357.006661544	280.266969843	168.716495626
456.369585896	-217.742035485	-75.644487095
-547.433164411	39.1600907596	90.6453474347
548.799439088	26.8122211098	-100.900545136
-494.332506818	-174.073622678	29.9649346431
-221.012684381	300.0	150.035065357
124.908045263	-300.0	29.9649346431
434.329124817	236.69130475	-134.143844729
-118.645981131	-300.0	-45.8561552708
-532.313080639	101.485587648	85.4010336541
487.330323227	183.505633911	-160.823977128
322.253826344	-291.168996596	-47.0489879093
-306.929375692	294.548885897	-154.829104108
-513.095652091	-144.155047955	97.3907796928
395.998729035	-262.077032798	24.3663246431
543.284495717	63.1205558603	-48.6581304066
275.258010814	298.934830506	-121.682585456
-493.350011468	-175.444498114	50.1027429732
75.3305504196	300.0	129.897257027
537.332409733	-86.2559349662	-96.4782026682
-472.752269158	-200.951304014	12.3691264527
-368.217265778	275.725729797	121.216455574
452.305785746	-221.52284093	-26.0242506186
197.668798525	300.0	-153.975749381
-95.2851822819	-300.0	-26.0242506186
-374.933358384	272.748338149	156.803614063
-129.495869915	-300.0	23.1963859367
127.619661067	300.0	156.803614063
373.363045432	-273.462171098	-25.3653687022
101.48783376	300.0	-154.634631298
-182.968814341	-300.0	-25.3653687022
-436.57411542	234.925731786	128.453329946
237.045221388	-300.0	51.546670054
544.801012974	-55.609016798	-30.1820310167
347.440792112	283.734545011	-111.910732087
-540.844960236	-73.5473256171	83.5284189412
545.85116693	49.7200867452	-102.608128405
-488.723944772	-181.688960019	28.0597679232
-231.960494816	300.0	151.940232077
87.8684461817	-300.0	28.0597679232
389.388192826	265.651899487	-152.687558277
97.2779067502	-300.0	-27.3124417232
-212.570202669	300.0	-152.687558277
-471.806865793	-201.994342216	68.0407666262
486.607203007	184.437066462	-143.914124616
133.532513059	-300.0	-36.0858753843
-300.63193083	295.69647881	-163.347109266
-454.684786906	-219.326555641	69.391656852
512.89366381	144.52308303	-126.990340822
-77.2153499809	-300.0	-53.0096591781
-545.345967366	52.638004907	73.2205178196
272.272384311	299.172092444	115.294740924
467.005335049	207.144115437	157.368964028
549.88392106	8.34469230834	-160.556812867
478.188770555	-194.755962662	-118.482589763
288.874806842	-297.470585761	-76.4083666588
-533.301679209	-98.6922416256	37.9953232135
-221.861566185	300.0	142.004676787
246.830944742	-300.0	37.9953232135
540.296731337	75.682281777	-67.2195888741
6.15484373995	300.0	-112.780411126
-541.741599186	69.9059318255	139.730258826
-228.374258588	-300.0	40.2697411738
278.748602824	298.619352748	150.728292962
519.7355324	-131.31162386	-98.8131552505
-379.30715224	-270.702161756	-30.1217383266
-549.185125054	22.0966274944	38.5696785973
-338.135089536	286.761583886	107.261095521
549.80333947	10.8608306531	-111.410533985
-242.990926442	-300.0	-68.5894660154
-458.857077706	-215.357194196	-23.1662509559
-549.990555357	-2.38048243168	22.2569641035
-462.248362899	212.015641986	67.680179163
-247.931541468	300.0	112.319820837
548.775699995	-27.0754703108	-101.963661324
-435.637549862	-235.666501823	-1.58041609886
-448.349541409	225.072120492	98.8028291261
541.276331593	71.8199043015	-126.505052664
38.8832324321	-300.0	-53.4949473359
-525.840034442	117.950309025	99.7984411365
542.523517	-66.5581850871	-74.161762096
-457.116154399	217.032022031	166.84023121
-339.418541973	-286.363971811	47.8422245158
302.99791765	295.281595642	152.508292211
522.24241054	-126.032019357	-102.825640095
-241.897540827	-300.0	-77.1743599054
-386.740829234	-267.024241634	-48.592445321
-497.825097665	-169.064251004	-20.0105307365
-548.506474654	-29.8979027604	8.57138384801
-526.432289948	116.555519277	37.1532984325
-436.982727373	234.600638669	65.735213017
-301.959502206	295.466089646	94.3171276015
429.688596151	240.233237528	159.274055538
543.710954999	-61.1054409498	-135.769016526
318.966780281	-291.965037663	-70.81208859
-549.820606712	10.3732246943	74.7751585301
388.965967826	265.8730144	160.414996016
525.668532783	-118.350581043	-113.945166498
116.624168005	-300.0	-66.054833502
-549.97365635	-3.97561267508	64.536216869
88.3625569742	300.0	115.463783131
537.351775233	86.191399053	-148.857100673
307.33286104	-294.470614909	-53.1779844761
-417.975630924	248.564252087	165.077623844
-271.99980368	-299.192260324	23.3332321647
-13.5347470767	300.0	156.666767835
245.27873272	-300.0	23.3332321647
464.955504893	209.270473111	-111.797688149
-494.166682529	-174.306142011	40.7529894471
-85.4352409497	300.0	139.247010553
397.975155749	-260.966191836	-18.3559177809
211.845774766	300.0	-161.644082219
12.7649206708	-300.0	-18.3559177809
-186.315933425	300.0	-161.644082219
-376.166161671	-272.1802705	31.3832036084
-27.1360246731	300.0	148.616796392
331.910843176	-288.601132656	-0.306826967906
328.815204899	289.461851505	-149.230450327
-22.1501171934	-300.0	-30.7695496726
-365.597090139	276.83445008	165.44188305
-215.793158968	-300.0	14.5581169503
-59.9731334992	300.0	165.44188305
95.8468919695	-300.0	14.5581169503
251.665716485	299.995375612	166.078143148
391.589126259	-264.485385844	-42.4018306534
-123.889937849	300.0	-137.598169347
-519.044509793	-132.721707908	85.083219661
547.18526552	-40.9989994727	-69.3735930472
-329.941648478	289.152784594	-141.535301443
-549.740379407	12.4781790798	146.30299016
-353.698226712	-281.507864503	74.1412817642
548.949405811	-25.0849111043	-64.5483508233
-134.08806982	300.0	-115.451649177
-528.122274666	112.463328844	159.485165249
-385.980506869	-267.412231866	74.4219796738
549.929827314	-6.48835011139	-71.9434192357
-343.923178848	284.918297894	-144.546138485
-549.96718174	-4.43732791156	142.851142266
-335.454498417	-287.571780083	70.2484230167
548.51302243	29.8324561451	-81.6624463382
-488.618180387	181.827841621	156.277487123
-277.437209911	-298.742697839	34.217420585
129.734086764	300.0	145.782579415
471.408871589	-202.430510501	-60.9102488971
-379.142207947	270.780889515	-170.085044729
-463.341310297	-210.915825202	80.7401594393
546.407244012	-46.2898012199	-62.9878346566
-132.868169601	300.0	-117.012165343
-534.472469218	95.2649686764	154.041800328
-350.481475786	-282.672023773	65.0957659986
523.568535498	123.126992921	-113.558624457
-379.469800637	-270.624408957	-15.3074081632
-499.242316075	166.967864805	82.9438081309
370.697294545	274.649163642	144.503318431
548.983941073	24.6698800243	-153.93717127
414.082349465	-251.151314139	-92.3776609702
-349.912093597	-282.873776715	-48.7155104108
-517.57612129	-135.65772855	-5.05335985142
-537.229552271	86.5978308185	38.608790708
-398.001027641	260.951520051	82.2709412674
-110.291277763	300.0	97.7290587326
449.538255347	224.018938157	165.655159179
532.5852382	-100.725285561	-126.418740375
262.854027315	-299.7244968	-58.4926399287
-499.025763973	167.290671819	126.277518016
137.63684154	-300.0	53.7224819836
549.988267322	2.65319984379	-54.7359428837
129.471212028	300.0	-125.264057116
-508.970407549	-151.44083998	64.6275317972
380.230364076	270.259231614	166.828701172
486.630999791	-184.406534423	-90.9701294527
-473.017586067	-200.656812257	7.01245990721
-417.741572654	248.72226439	104.995049267
549.818115906	-10.4449688665	-101.004558561
-466.168992265	-208.016746401	13.2065740686
-351.068728894	282.462585203	127.417706698
374.757368654	-272.828882207	3.43558555441
406.501832565	255.943697722	-120.54653559
-431.702357797	-238.713747344	15.1013273702
-286.949198533	297.715899353	150.74919033
47.79888448	-300.0	29.25080967
369.83891401	275.024789226	-162.161579215
184.79321802	-300.0	-17.838420785
-8.28961888418	300.0	-162.161579215
-201.372455788	-300.0	-17.838420785
-384.249408697	268.285475314	144.671874694
18.5380895373	-300.0	35.3281253062
410.717028712	253.318054394	-150.54215351
98.2019058407	-300.0	-29.4578464904
-240.679271511	300.0	-150.54215351
-502.02988366	-162.729646169	84.8434333455
542.073309937	-68.5067998254	-58.4428296187
-57.9304580948	300.0	-121.557170381
-549.99184953	-2.21138322185	120.712476562
-48.707347892	-300.0	59.2875234383
545.303973295	52.8730872569	-79.5895983814
-438.261488284	233.575709415	-178.147871565
-452.958673634	-220.924821595	83.2938552507
530.936340736	-105.236744789	-42.222674048
163.197775104	300.0	-137.777325952
-361.705518566	-278.42750784	1.49878150268
-346.99273503	283.888022557	140.774888957
129.640987094	-300.0	39.2251110427
504.368091119	159.049911099	-103.258504021
-537.291653436	-86.3915844613	69.7853472051
401.129022159	259.152500781	170.713250663
475.803081238	-197.517008137	-88.3588458786
-497.436589943	-169.632349384	19.4929815257
-335.611693745	287.525021336	127.34480893
389.371446624	-265.660685586	-2.70979505717
363.657111549	277.636562784	-132.764399044
-260.705054979	-299.808942158	-43.1457028904
-549.873544741	8.70960187086	46.4729932635
-243.207137212	300.0	133.527006736
364.538760342	-277.27400235	1.58305868881
379.678063826	270.52467496	-130.360889359
-288.669365673	-297.497361599	-34.82729066
-542.382105653	67.1766648022	60.7063080389
-127.388751894	300.0	119.293691961
540.543484813	-74.7294013939	-90.4454056066
-538.256380237	-83.1159386199	58.2765962618
81.4948090314	300.0	121.723403738
549.816391034	10.49436359	-125.732773339
118.238911757	-300.0	-54.2672266612
-509.053099184	151.299345019	114.841152011
390.428204663	-265.103601136	9.33755613769
467.921158522	206.180427462	-96.1660397354
-533.546451295	97.9867846101	134.293859068
-125.62678238	-300.0	45.7061409318
428.781892545	240.908768828	-152.546848816
147.76450808	-300.0	-27.4531511838
-163.952440129	300.0	-152.546848816
-440.299166829	-231.91857861	51.2875502772
223.348175313	300.0	128.712449723
547.27090392	40.3733783909	-144.180878171
305.327148102	-294.854043016	-57.0742060658
-468.099275769	205.992004478	143.803649892
-97.8186073981	-300.0	36.1963501085
332.741294179	288.364141733	175.823553386
373.754135537	-273.285407473	-44.5492433361
-190.581211044	300.0	-135.450756664
-544.113236108	-59.138856482	112.712454179
31.3324869374	-300.0	67.2875458206
536.651877516	-88.4912488143	-32.9759694556
286.000885385	297.832060483	-133.239484732
-336.271190986	-287.327829501	-13.3353765802
-456.062797712	218.032390711	106.568731571
539.627523279	-78.2042055086	-76.347820752
-495.022168805	173.10152164	146.828160528
-185.76519923	-300.0	33.1718394716
206.442758803	300.0	146.828160528
505.413498568	-157.365640307	-83.5519644266
-547.536846255	-38.3643730631	68.8576152568
311.143900432	293.702951024	134.662428956
542.962091405	64.6004102138	-159.532757345
428.995016984	-240.750459802	-93.7279436455
-326.822248294	-289.997141653	-56.597569251
-486.298801674	-184.83202192	-19.4671948564
-549.962824444	-4.72270597239	17.6631795382
-492.000342569	177.30153467	54.7935539327
-335.913515307	287.434980278	91.9239283273
394.513689774	262.898827437	145.670661298
547.463460658	38.9292894004	-160.582605731
457.299695306	-216.856718425	-106.835872761
182.537700511	-300.0	-73.1641272392
-538.640911146	-81.7705595729	41.5297936332
-200.524780412	300.0	138.470206367
322.90241922	-291.007280445	13.4014996141
446.292188484	226.868633223	-111.667207139
-508.397773686	-152.41584745	50.5987747259
42.3582795237	300.0	129.401225274
532.038720725	-102.245586761	-89.5477116377
-534.951408988	-93.8226759159	53.0985729371
-10.4560595734	300.0	126.901427063
530.56252795	-106.229317565	-85.4251147023
-549.344665588	-19.8184556452	77.8495052906
473.286511175	200.357515275	-161.65348186
309.322739244	-294.076202044	-41.1564690099
-209.954925117	300.0	-138.84353099
-539.842078039	-77.4052310759	108.938618344
108.876910224	-300.0	71.0613816558
500.031936924	-165.783082726	-3.96883416928
474.742419884	198.723035163	-78.9990499943
-46.2362773311	300.0	-101.000950006
-452.945756813	220.936687292	-164.13833403
-538.797566834	-81.2155489472	132.724281946
-308.042185829	-294.331623622	69.5868979212
548.988198774	24.6182248285	-79.0009530174
-454.357486545	219.631549858	173.127291223
-396.318649846	-261.898554229	65.2555354638
507.155351269	154.502832705	-127.25170772
-90.5092427911	-300.0	-52.7482922798
-546.350571777	46.651244439	70.6403649857
174.693176294	300.0	109.359635014
479.866259189	192.773190269	170.671821173
529.454242785	-109.111530965	-128.015992669
288.430453035	-297.52831845	-66.7038065103
-543.772407188	60.8093148689	90.0933237944
544.133633572	59.0373238025	-112.792068778
-300.2335291	-295.764420704	-47.9293218428
-539.092006528	-80.1611611806	16.9334250928
-445.372172888	227.66140222	81.7961720284
56.3854538612	300.0	98.2038279716
419.27337942	247.682302597	150.495874592
549.484878755	17.5729165717	-157.212078787
447.078605973	-226.185815355	-104.920032166
170.054322346	-300.0	-75.0799678335
-527.433590518	-114.151666007	30.3499652186
-286.223331969	297.805087635	135.779898271
292.570671843	-296.96420306	27.9042304695
519.561037365	131.669461664	-79.9714373317
-345.003392755	284.559932817	-136.952845513
-540.370145442	75.4001235815	166.065746306
-471.448464243	-202.387197432	109.084338125
-189.310109052	-300.0	70.9156618755
546.542795293	-45.4133301991	-53.5021046142
79.7076084296	300.0	-126.497895386
-515.227139571	-140.194737545	70.777496646
470.440097502	203.485044692	-156.196803601
248.343180695	-300.0	-23.8031963986
-16.3283353502	300.0	-156.196803601
-280.322150357	-298.463678188	-12.2011764249
-400.921201682	259.273583079	131.794450752
224.714199316	-300.0	48.2055492484
549.854327982	-9.34783346413	-44.6343618379
244.429772979	300.0	-135.365638162
-335.636667649	-287.517584078	-11.462198949
-440.865801708	231.452469718	112.441240264
504.422195049	-158.963350073	-48.4468384503
-13.3726258171	300.0	-131.55316155
-513.540869761	-143.339491995	74.4697527176
514.133649132	142.244210414	-131.077452228
6.77667865822	-300.0	-48.922547772
-509.697204726	150.191084481	109.006845998
481.223758418	-191.142809289	-29.8486737503
199.389266009	300.0	-150.15132625
-144.911194564	-300.0	-29.8486737503
-446.929206947	226.315901896	127.792230428
231.783188881	-300.0	52.2077695716
544.426982175	-57.5565128156	-30.0856451668
346.519333164	284.049323755	-112.379059905
-538.983849431	-80.5502002966	81.2289252931
537.543792328	85.5486264855	-114.366000539
-303.226816917	-295.240420608	-45.1946463424
-544.871962252	-55.2315659541	23.9767078545
-406.47096433	255.962570157	93.1480620514
466.218618208	207.965163285	179.081294617
472.775511022	-200.925537672	-94.9854728174
-370.97192489	-274.528310723	-37.4527917081
-546.558888435	-45.3081194735	20.0798894012
-447.424644568	225.883841205	77.6125705105
-109.972026317	300.0	102.38742949
499.846082018	166.063046161	-169.608334062
424.663353241	-243.911281073	-81.6040976144
-531.86120958	-102.733921049	41.5521126875
-174.898788228	300.0	138.447887312
343.628383187	-285.015308118	5.1810989203
393.367090562	263.525857069	-128.085689472
-316.244656532	-292.594677807	-26.4004364964
-523.11376682	124.132471068	75.284816479
146.530348387	300.0	104.715183521
455.066563472	218.969642978	161.52899327
545.500423663	-51.7638833058	-141.657196982
368.424562178	-275.636759292	-84.843387233
-473.947895206	-199.617985744	1.41837866587
-463.794267902	210.45667253	87.6801445648
421.262041634	246.31141487	161.942171645
533.530584661	-98.0326861908	-123.795801275
231.787581945	-300.0	-56.2041987253
-488.433695024	182.069692912	130.935428611
67.387927572	-300.0	49.0645713894
531.831169209	102.816302512	-89.1500505434
-525.602673129	118.503867296	135.683606627
-116.968018052	-300.0	44.3163933732
418.387598975	248.285352994	-156.026003204
174.573332672	-300.0	-23.9739967964
-92.2376608794	300.0	-156.026003204
-351.225123094	-282.406576507	15.4651759086
-190.090628955	300.0	164.534824091
-24.0885603251	-300.0	15.4651759086
141.913508304	300.0	164.534824091
306.433797424	-294.644237188	-6.22014714847
241.623187911	300.0	-173.779852852
176.228850799	-300.0	-6.22014714847
110.834513688	300.0	-173.779852852
45.4401765768	-300.0	-6.22014714847
-19.9541605345	300.0	-173.779852852
-85.3484976458	-300.0	-6.22014714847
-150.742834757	300.0	-173.779852852
-216.137171868	-300.0	-6.22014714847
-281.352460098	298.357207464	174.222481898
-220.810749681	-300.0	5.77751810209
-160.102821713	300.0	174.222481898
-99.3948937443	-300.0	5.77751810209
-38.6869657758	300.0	174.222481898
22.0209621926	-300.0	5.77751810209
82.7288901611	300.0	174.222481898
143.43681813	-300.0	5.77751810209
204.144746098	300.0	174.222481898
264.815635979	-299.633938216	0.116059116686
266.029396307	299.57145801	-173.990363665
202.909941565	-300.0	-6.00963633546
139.745372373	300.0	-173.990363665
76.5808031816	-300.0	-6.00963633546
13.4162339898	300.0	-173.990363665
-49.748335202	-300.0	-6.00963633546
-112.912904394	300.0	-173.990363665
-176.077473586	-300.0	-6.00963633546
-239.242042778	300.0	-173.990363665
-301.929856486	-295.471301492	13.9265255528
-154.27301219	300.0	166.073474447
-5.49320306216	-300.0	13.9265255528
143.286606066	300.0	166.073474447
291.356182682	-297.135770573	-1.92083865853
271.355250673	299.238956803	-169.915151764
164.778023026	-300.0	-10.0848482357
58.0654405706	300.0	-169.915151764
-48.6471418848	-300.0	-10.0848482357
-155.35972434	300.0	-169.915151764
-262.029395129	-299.758725733	-5.48872555638
-318.890137269	291.98313134	158.937700652
-90.9102675311	-300.0	21.0622993485
140.156995371	300.0	158.937700652
362.753609191	-278.004718691	-23.0908429053
116.322880676	300.0	-156.909157095
-139.485475775	-300.0	-23.0908429053
-382.204549481	269.299010575	150.796057371
-63.9826741707	-300.0	29.203942629
270.989249786	299.264851584	158.819915436
467.150783614	-206.991635522	-71.564111758
-523.514032787	123.248017707	120.077669762
207.283404309	-300.0	59.9223302378
527.200197093	-114.717264314	-14.9586138796
433.047341058	237.683972812	-89.839557997
-429.866128931	240.100344988	-163.836331929
-530.383097354	-106.702008969	122.16689414
-223.03740567	-300.0	57.8331058603
505.067961111	157.925093683	-121.360471158
-246.298932156	-300.0	-58.6395288416
-518.295014409	-134.230343973	5.48112563506
-487.873810126	182.800575645	69.6017801118
-172.704084025	300.0	110.398219888
548.300632201	31.8862482625	-122.600919239
29.362912561	-300.0	-57.3990807611
-542.683349757	65.8517788315	82.7591118009
477.569308268	195.479436091	-164.083515682
340.235855986	-286.107480319	-50.9261431658
-357.231824809	280.180898257	-170.959906484
-438.890553808	-233.067283595	69.0063301981
518.29075122	134.238864752	-122.168372746
-172.113745114	-300.0	-57.8316272538
-542.398679676	-67.1044866119	31.9808974367
-318.06087212	292.177544802	121.793422127
474.438091741	-199.066679722	-38.6502019592
75.3219553407	300.0	-141.349798041
-380.589872107	-270.085699923	12.9585135352
-249.409931713	300.0	167.041486465
-111.346541863	-300.0	12.9585135352
26.7168479872	300.0	167.041486465
164.780237837	-300.0	12.9585135352
301.806529999	295.492949915	-173.070179156
229.429468951	-300.0	-6.92982084366
156.504614619	300.0	-173.070179156
83.5797602858	-300.0	-6.92982084366
10.654905953	300.0	-173.070179156
-62.2699483798	-300.0	-6.92982084366
-135.194802713	300.0	-173.070179156
-208.119657045	-300.0	-6.92982084366
-280.851194471	298.409456619	175.124662312
-229.808869128	-300.0	4.87533768803
-178.630875753	300.0	175.124662312
-127.452882379	-300.0	4.87533768803
-76.2748890051	300.0	175.124662312
-25.0968956309	-300.0	4.87533768803
26.0810977433	300.0	175.124662312
77.2590911174	-300.0	4.87533768803
128.437084492	300.0	175.124662312
179.615077866	-300.0	4.87533768803
230.79307124	300.0	175.124662312
281.826657041	-298.306996065	-7.30447006464
205.134318368	300.0	-172.695529935
128.224966637	-300.0	-7.30447006464
51.3156149066	300.0	-172.695529935
-25.5937368242	-300.0	-7.30447006464
-102.503088555	300.0	-172.695529935
-179.412440286	-300.0	-7.30447006464
-256.313276043	299.933563553	-175.107201778
-307.198662148	-294.496711439	17.0900665087
-124.420410844	300.0	162.909933491
60.0498287263	-300.0	17.0900665087
244.520068296	300.0	162.909933491
413.990251606	-251.211459488	-49.1827497311
-224.205813781	300.0	-130.817250269
-549.388901301	19.1385939293	138.132622457
-263.648433469	-299.689372958	47.0824951835
359.175666138	279.429193041	175.599633436
400.64252024	-259.435601057	-55.8832283114
-380.808237852	269.980008353	-175.818153203
-418.687300681	-248.081830429	64.2469219063
484.203000419	187.480544577	-141.601777288
97.8553018732	-300.0	-38.3982227121
-360.844143564	278.771547755	175.031061465
-311.070500428	-293.718222073	28.4603456427
10.7603429744	300.0	151.539654357
330.093644021	-289.1107196	-2.50878922533
304.500697614	295.007921859	-156.557232808
46.4903070085	-300.0	-23.442767192
-213.684774157	300.0	-156.557232808
-443.267831472	-229.45052913	56.7725852992
342.607050999	285.348793769	159.188038255
508.765321761	-151.791001887	-98.3965087886
-358.29188339	-279.772886449	-39.2835713973
-545.687097414	-50.6866888111	19.8293659939
-445.288573904	227.733117711	78.9423033851
-75.4961935182	300.0	101.057696615
481.164695077	191.214235218	179.748728833
482.832925362	-189.179356346	-101.56023895
-58.951678949	-300.0	-78.4397610503
-455.058258104	-218.977420716	-15.320408461
-538.030675832	83.8947541836	47.7989441283
-305.398356454	294.840672402	110.918296718
548.343354338	-31.4840105799	-98.8701050372
-480.476648236	-192.043002002	19.265087371
-310.668603536	293.801498541	137.400279779
235.354513601	-300.0	42.5997202209
547.407052272	39.3579122763	-57.6767982558
135.481449504	300.0	-122.323201744
-525.673289138	-118.339501672	75.8579777261
513.462382676	143.483702609	-133.004100853
37.9525750581	-300.0	-46.9958991469
-484.428665211	187.198293067	124.212720166
232.119611558	-300.0	55.7872798341
534.834536925	-94.1768898112	-19.1956668674
414.76311922	250.705234379	-94.1786135688
-486.264366519	184.876037153	170.264724131
-411.129789533	-253.055707158	74.70806183
549.84341765	9.69148552588	-78.4105808037
-457.834571456	216.344149234	170.709128452
-378.06051342	-271.294129871	59.8288377074
458.932752121	215.283778049	-151.54428146
179.671914273	-300.0	-28.4557185405
-145.501339471	300.0	-151.54428146
-435.757479566	-235.571982174	48.0585309008
160.278819441	300.0	131.941469099
546.315212673	-46.8753105453	-113.962750314
-23.2083391401	-300.0	-66.0372496857
-541.839941811	-69.494232592	39.2490837587
-239.96034422	300.0	140.750916241
250.244136905	-299.999900662	39.1558303198
543.828580204	60.5373063098	-62.4392556017
85.0133275859	300.0	-117.560744398
-548.434683853	-30.6061999168	105.849661705
345.487671327	-284.397792932	37.0309821769
549.68600905	-13.7220982206	-31.7876973508
371.077783091	274.481639535	-100.606376879
-530.801656365	105.595595469	141.823965315
-211.904010226	-300.0	38.1760346845
259.719370895	299.842515047	145.537141294
533.282428494	-98.7474845593	-107.101752097
-120.827923087	-300.0	-72.8982479031
-483.435615918	-188.435169809	-4.92445524742
-512.227252347	145.728748456	63.0493374083
-208.80724908	300.0	116.950662592
539.067281577	-80.2502755256	-85.919440796
-549.989101389	-2.55715622881	84.9426672379
535.068199776	93.467221402	-121.24889127
-113.374005685	-300.0	-58.7511087297
-547.78284288	-36.4057479843	44.8107782683
-213.591777246	300.0	135.189221732
361.220537589	-278.621592879	1.28885526189
373.638826088	273.337594713	-132.611511208
-249.609764452	-300.0	-47.3884887921
-548.990142895	-24.5946020795	37.9834874273
-298.638864363	296.030844463	123.355463647
466.523418377	-207.647801083	-35.7528974601
101.030317348	300.0	-144.24710254
-324.236463591	-290.66982553	-7.09898551775
-393.262315541	263.58283128	130.049131504
275.889584163	-298.880794686	40.0494597143
548.880942985	25.8878720703	-49.9502120758
222.782727308	300.0	-130.049787924
-424.457755594	-244.058377265	21.1656572304
-213.806498329	300.0	158.83434277
18.5045176206	-300.0	21.1656572304
250.815104829	299.998892671	159.145690263
450.210571063	-223.418278649	-62.8742767038
-439.649328869	232.450278683	164.454293978
-292.366677936	-296.993374675	31.7828646603
77.5377637025	300.0	148.21713534
417.594323711	-248.821507631	-36.1417990254
16.7731847015	300.0	-143.858200975
-394.381920198	-262.971217284	21.3953631764
-173.808468264	300.0	158.604636824
61.2729481515	-300.0	21.3953631764
295.02313314	296.602288397	175.867427319
337.193326842	-287.049340278	-29.6605085375
2.88235490702	300.0	-150.339491462
-332.256354749	-288.502845919	2.16673372537
-310.221580082	293.893452279	154.672958913
-29.146433915	-300.0	25.3270410868
254.800611345	299.961587759	156.506735641
472.604747036	-201.114710047	-72.313569805
-526.095680074	117.350651657	118.368064877
246.807562548	-300.0	61.6319351232
502.566205219	-161.895991246	3.6881466307
521.26112098	128.130418888	-54.2556418618
285.378021895	297.906689362	-112.199430354
-547.073541803	-41.8008464115	96.1805619289
506.325893124	-155.875067006	-33.5719190312
203.765171	300.0	-146.428080969
-194.450143705	-300.0	-33.5719190312
-501.798088172	163.088082928	99.433686197
549.77433708	-11.6338655792	-94.988762322
-530.669295525	-105.946904388	53.6277754373
20.5028952285	300.0	126.372224563
538.676944426	-81.6432591023	-94.788426581
-498.207740577	-168.501980753	26.4452373445
-265.376228984	299.605693508	147.67890127
113.987868999	-300.0	32.32109873
446.963447527	226.286102839	-130.247317078
-174.769838642	-300.0	-49.7526829219
-549.506094605	17.2075359807	56.3290869254
-125.009989892	300.0	123.670913075
520.391298541	-129.95593743	-72.3310102396
-482.551024016	189.525779854	150.690099915
-207.73073573	-300.0	29.3099000851
129.109896076	300.0	150.690099915
431.591647442	-238.797976498	-45.191755945
-110.824921782	300.0	-134.808244055
-527.527647986	-113.922801069	90.1727561079
526.202091357	-117.099977498	-44.2222815196
120.274370701	300.0	-135.77771848
-415.321749374	-250.337210946	22.6589623989
-185.573716349	300.0	157.341037601
64.906929104	-300.0	22.6589623989
312.628130672	293.390042859	-178.559521407
297.802898188	-296.166984866	-19.7780052128
83.4280620055	300.0	-160.221994787
-132.325082624	-300.0	-19.7780052128
-342.788609862	285.289806828	163.744462958
-172.130819172	-300.0	16.2555370417
2.81614422941	300.0	163.744462958
177.763107631	-300.0	16.2555370417
347.91936452	283.569741073	-158.15496353
113.975864794	-300.0	-21.8450364697
-126.554255183	300.0	-158.15496353
-358.883559279	-279.543146077	20.7173260183
-139.692155473	300.0	159.282673982
87.2363194358	-300.0	20.7173260183
311.736282829	293.579003647	-176.96610835
280.357653513	-298.460069144	-14.6495427182
123.917767694	300.0	-165.350457282
-32.924662288	-300.0	-14.6495427182
-189.76709227	300.0	-165.350457282
-342.766129226	-285.297117526	21.3749699178
-113.685607598	300.0	158.625030082
121.149502403	-300.0	21.3749699178
349.357919075	283.068903126	-162.692558733
167.669103523	-300.0	-17.3074412667
-19.2955738015	300.0	-162.692558733
-206.260251126	-300.0	-17.3074412667
-383.464394085	268.676860767	144.475950274
22.5291244462	-300.0	35.5240497263
415.394954455	250.288851211	-148.609293032
79.6197016216	-300.0	-31.3907069675
-285.222265112	297.925145029	-162.094309912
-452.885002883	-220.992478617	67.2020871444
492.637792167	176.428177489	-139.245814517
82.0603638095	-300.0	-40.754185483
-400.248316831	259.664097036	160.644631836
-203.649370337	-300.0	19.3553681641
7.11878242054	300.0	160.644631836
217.886935178	-300.0	19.3553681641
411.97478433	252.515681179	-133.999533703
-160.181270861	-300.0	-46.0004662966
-542.020444361	68.7317981392	72.4893534748
190.993617508	300.0	107.510646525
458.656505216	215.55153173	160.626960025
547.644167369	-37.5226549067	-146.256726475
398.631095387	-260.593164692	-93.1404129751
-284.124424457	-298.052887346	-73.7967438605
-380.923199481	-269.92427797	-54.453074746
-462.94042305	-211.320553263	-35.1094056314
-520.916148759	-128.858217983	-15.7657365169
-548.304774484	-31.8474727409	3.57793259765
-542.014056971	68.7589305575	22.9216017122
-502.754233709	161.602281364	42.2652708267
-434.957835374	236.200336862	61.6089399413
-346.279242199	284.130792984	80.9526090558
-246.618594233	300.0	99.0473909442
487.659498645	183.079115968	-174.264539091
446.503379406	-226.685733742	-87.576469126
-484.356879465	-187.288155118	10.315715727
-403.334787748	257.85352987	108.20790058
545.079097559	-54.114010975	-87.4241073048
-549.960789682	-4.85022198981	85.5713782547
539.272039428	79.5090385134	-116.308864331
-228.307154716	-300.0	-63.6911356692
-500.160155919	-165.589541912	-3.31273331607
-517.594982603	135.620519413	57.0656690371
-264.367967492	299.655738323	117.44407139
528.308208183	-112.002416304	-73.6003963716
-485.165700805	186.271557584	150.364929486
-208.531173085	-300.0	29.6350705141
132.802211613	300.0	150.364929486
436.946874528	-234.629209828	-47.4589066463
-145.659076312	300.0	-132.541093354
-542.964789435	-64.5881734653	107.675551324
195.76612744	-300.0	72.3244486763
457.612512903	-216.557254522	20.0916593831
548.343002957	31.4873401021	-32.1411299101
407.830673144	255.126397331	-84.3739192033
-47.6905709686	300.0	-95.6260807967
-387.760634781	266.499545037	-139.045186161
-533.234885606	98.8837680109	177.535708475
-523.692145876	-122.851981203	134.116603111
-364.355242546	-277.349740404	90.6974977474
340.783249055	-285.934261136	54.0735356111
493.436842858	-175.323995902	17.4495734747
549.966016904	4.5153850961	-19.1743886617
488.049441394	182.571803552	-55.7983507981
332.135736447	288.537208689	-92.4223129344
-404.107881394	257.392231608	-149.39794526
-549.795776977	11.0676152166	153.626422414
-422.666918747	-245.328626888	96.6507900885
46.2032854113	-300.0	83.3492099115
402.274161128	-258.481294976	35.6451810985
543.667531228	-61.3137921056	-12.0588477144
492.979138465	175.957774113	-59.7628765274
283.363195693	298.139056772	-107.46690534
-547.757121993	36.6155199635	121.487962868
1.80860951327	-300.0	58.5120371318
548.00374039	34.5509871543	-71.7388931563
-256.272579469	299.93441741	-110.657230319
-443.302760562	229.421103561	-149.575567482
-544.522804795	57.0641521058	171.506095355
-514.999541927	-140.624474322	132.587758192
-367.838812867	-275.887683999	93.6694210297
8.14546237783	-300.0	86.3305789703
364.91025063	-277.120252418	48.625914716
510.398350392	-148.97214207	10.9212504617
547.130427081	41.3945564353	-26.7834137926
459.765236892	214.472714795	-64.4880780469
284.791070268	297.975806786	-102.192742301
-523.477468269	123.329130174	150.740285491
-287.635290586	-297.629946246	43.6733132838
281.369804799	298.35538431	148.331013654
530.707423991	-105.84584128	-107.011285976
-103.895106096	-300.0	-72.9887140243
-488.151894609	-182.43814046	-1.91969692328
-499.833446413	166.082055181	69.1493201777
-148.229148183	300.0	110.850679822
547.970846842	34.8335245447	-124.186186109
55.0226689384	-300.0	-55.8138138909
-533.040135293	99.4398401711	94.5293899443
549.688462896	13.6684017751	-99.7521428336
-499.456275668	-166.648031882	32.2627260293
-204.878364338	300.0	147.737273971
173.879788964	-300.0	32.2627260293
482.747355808	189.28462263	-110.503033517
-493.19223548	-175.663133873	38.8202038379
-110.473019679	300.0	141.179796162
356.550406275	-280.440744049	-2.78728084784
328.804187783	289.46485104	-146.754357858
-57.601800571	-300.0	-33.2456421422
-417.435390266	248.928483879	145.394157485
-38.6723752063	-300.0	34.6058425145
360.71726834	278.821961996	-171.290829757
272.175975396	-299.179254153	-17.1875020279
86.8422266499	300.0	-162.812497972
-98.7453892043	-300.0	-17.1875020279
-283.74412997	298.096181949	-175.729141018
-327.645913239	-289.777694375	25.7292199918
-43.4345427467	300.0	154.270780008
245.702913487	-300.0	25.7292199918
481.954753863	190.255071313	-104.448135446
-540.910355901	-73.2882311804	76.1678928185
489.657385445	180.455915952	-150.125527366
213.66774819	-300.0	-29.8744726341
-130.991932032	300.0	-150.125527366
-437.737409092	-233.997147904	47.6061174463
147.189496752	300.0	132.393882554
543.554377448	-61.8532738128	-108.596998332
-164.206954749	-300.0	-71.4030016684
-478.671040371	-194.189482969	-9.27342206002
-528.56253013	111.36838334	52.8561575484
-281.770160206	298.313018356	114.985737157
538.075974329	-83.7390769852	-82.5691320102
-544.447917498	57.4493157595	104.649536594
467.154651882	-206.987577323	-17.3958744295
310.228075837	293.892121162	-139.441285453
-198.057178923	-300.0	-40.5587145468
-534.996026405	93.6870585149	76.9533197653
319.80214594	291.766448418	129.955764191
525.028139064	119.831225993	-177.041791383
511.211243775	-147.542150335	-124.039346958
289.355761898	-297.407336839	-71.0369025323
-549.863603473	-9.04540282196	67.5812894411
199.242310267	300.0	112.418710559
489.948681584	180.068404242	173.808830038
522.979934649	-124.426505532	-124.801050484
271.48052037	-299.22999055	-63.4109310048
-531.82173911	102.842147804	103.506918939
511.132127967	-147.682130752	-44.5266395434
70.786779449	300.0	-135.473360457
-446.915441532	-226.327879162	37.5228340581
-42.7164931005	300.0	142.477165942
391.019490406	-264.789545348	-18.5541936053
201.449346772	300.0	-161.445806395
0.0609055076468	-300.0	-18.5541936053
-201.327535757	300.0	-161.445806395
-390.916144453	-264.844558623	37.4781142277
42.161634499	300.0	142.521885772
446.190156776	-226.956873402	-44.2046519581
-66.3362626532	300.0	-135.795348042
-507.626843622	-153.715352016	74.1497651041
516.81761828	137.14356921	-128.555859743
-31.6487450611	-300.0	-51.4441402566
-532.989707068	99.5832601069	90.2177864415
534.384903217	95.5260531076	-127.352607968
16.170505499	-300.0	-52.6473920325
-527.197276615	114.724321037	97.614025579
548.58687606	-29.0839723024	-86.4872904842
-547.557588901	38.2031580851	101.119552449
498.901897231	-167.474910224	-33.2498742314
192.413383184	300.0	-146.750125769
-200.9619711	-300.0	-33.2498742314
-503.17132232	160.948070988	98.1403911339
549.822186115	10.3274737184	-102.085975078
-466.801466323	-207.357479248	14.6369584699
-337.719396502	286.889015958	131.359892018
319.614318169	-291.811320387	21.8047878922
501.678811004	163.272092201	-87.7503162337
-472.227403883	201.531588003	172.158262772
-409.475245898	-254.10164491	72.0668417784
544.95594175	54.7813145711	-93.1098309376
-549.963090109	-4.705801965	91.3122732719
548.509362676	-29.8690541277	-79.8842008293
-504.969595487	158.083855524	143.482905055
-165.793815758	-300.0	36.5170949446
277.523140156	298.734793347	154.010774275
502.290134902	-162.32586926	-88.4955463937
-517.636373119	-135.538820208	34.7775938218
-215.181535606	300.0	145.222406178
201.481443877	-300.0	34.7775938218
511.685982518	146.698488587	-93.3266832716
-537.494882938	85.7128478371	126.529209351
-16.7892643332	-300.0	53.4707906492
530.792082245	105.621051635	-94.6987675988
-549.527771997	16.825985932	101.129195184
484.857668864	-186.659785106	-24.1753626025
266.601944689	299.540273473	-149.47992039
-86.8373395011	-300.0	-30.5200796105
-412.395454181	252.245349732	144.973243072
-25.3246306706	-300.0	35.0267569281
375.828258156	272.336647276	-165.429856595
227.064163062	-300.0	-14.570143405
71.1096955627	300.0	-165.429856595
-84.8447719368	-300.0	-14.570143405
-240.799239436	300.0	-165.429856595
-388.012280264	-266.369312227	40.2093544828
90.7654233443	300.0	139.790645517
493.041418611	-175.87173974	-68.0094908051
-463.742174851	210.509578619	157.136374618
-248.476315151	-300.0	22.8636253823
4.52484531508	300.0	157.136374618
257.486609251	-299.906569921	20.0036543929
448.539993545	224.904137274	-117.129065832
-441.355183152	-231.048033709	16.3925278711
-285.763850692	297.860616705	149.914121574
60.6069865604	-300.0	30.0858784261
388.56652621	266.081412004	-155.067816175
125.413693463	-300.0	-24.9321838254
-153.506787408	300.0	-155.067816175
-410.724227256	-253.313487152	39.857044351
51.2132588417	300.0	140.142955649
471.022699597	-202.85207976	-55.052248925
-248.520152058	300.0	-124.947751075
-532.223668285	101.733972005	164.593465228
-440.273756586	-231.939426477	94.1346815317
334.24378411	-287.928784318	53.2478984479
502.157196981	-162.532298361	12.3611153642
547.020158981	42.1784916656	-28.5256677196
446.939946966	226.306556001	-69.4124508034
250.754806919	299.999050443	-110.299233887
-549.975780321	3.81198387695	111.755343657
211.328667394	-300.0	68.2446563428
479.787882562	-192.866609416	11.7704661675
537.69549783	85.0370538539	-44.7037240077
338.0077952	286.800676401	-101.177914183
-526.694640125	115.931342294	146.643974511
-252.905502924	-299.985929758	34.4658632055
158.92729271	300.0	145.534136795
489.163312021	-181.110215569	-71.2633279548
-505.982616551	156.438166775	134.123875528
-35.3675356153	-300.0	45.8761244722
476.627007792	196.571105046	-127.751373009
-164.671713923	-300.0	-52.2486269907
-549.995541069	-1.63564627874	51.6238530384
-169.100426297	300.0	128.376146962
468.846369641	-205.198115233	-42.0631069022
12.9553872633	300.0	-137.936893098
-455.227185282	-218.819108904	44.2651556612
50.4515539121	300.0	135.734844339
