## type:rectangular
## dim:770.0, 300.0
0.0	0.0	153.0
152.857634848	-300.0	27.0
385.0	155.605044619	-27.0
311.427095455	300.0	-153.0
5.71182575836	-300.0	-27.0
-300.003443938	300.0	-153.0
-385.0	133.184866142	153.0
-164.281286365	-300.0	27.0
141.433983332	300.0	153.0
385.0	-178.025223097	-153.0
322.850746972	-300.0	-27.0
17.1354772751	300.0	-153.0
-288.579792422	-300.0	-27.0
-385.0	-110.764687664	27.0
-175.704937882	300.0	153.0
130.010331815	-300.0	27.0
385.0	200.445401575	-27.0
334.274398488	300.0	-153.0
28.5591287918	-300.0	-27.0
-277.156140905	300.0	-153.0
-385.0	88.3445091857	153.0
-187.128589398	-300.0	27.0
118.586680298	300.0	153.0
385.0	-222.865580053	-153.0
345.698050005	-300.0	-27.0
39.9827803085	300.0	-153.0
-265.732489388	-300.0	-27.0
-385.0	-65.9243307078	27.0
-198.552240915	300.0	153.0
107.163028781	-300.0	27.0
385.0	245.285758531	-27.0
357.121701522	300.0	-153.0
51.4064318252	-300.0	-27.0
-254.308837871	300.0	-153.0
-385.0	43.5041522298	153.0
-209.975892432	-300.0	27.0
95.7393772648	300.0	153.0
385.0	-267.705937009	-153.0
368.545353039	-300.0	-27.0
62.8300833419	300.0	-153.0
-242.885186355	-300.0	-27.0
-385.0	-21.0839737519	27.0
-221.399543949	300.0	153.0
84.315725748	-300.0	27.0
385.0	290.126115487	-27.0
379.969004555	300.0	-153.0
74.2537348586	-300.0	-27.0
-231.461534838	300.0	-153.0
-385.0	-1.33620472604	153.0
-232.823195465	-300.0	27.0
72.8920742313	300.0	153.0
378.607343928	-300.0	27.0
385.0	-287.453706035	-27.0
85.6773863754	300.0	-153.0
-220.037883321	-300.0	-27.0
-385.0	23.756383204	27.0
-244.246846982	300.0	153.0
61.4684227146	-300.0	27.0
367.183692411	300.0	153.0
385.0	265.033527557	-153.0
97.1010378921	-300.0	-27.0
-208.614231805	300.0	-153.0
-385.0	-46.1765616819	153.0
-255.670498499	-300.0	27.0
50.0447711979	300.0	153.0
355.760040895	-300.0	27.0
385.0	-242.613349079	-27.0
108.524689409	300.0	-153.0
-197.190580288	-300.0	-27.0
-385.0	68.5967401598	27.0
-267.094150015	300.0	153.0
38.6211196812	-300.0	27.0
344.336389378	300.0	153.0
385.0	220.193170601	-153.0
119.948340925	-300.0	-27.0
-185.766928771	300.0	-153.0
-385.0	-91.0169186378	153.0
-278.517801532	-300.0	27.0
27.1974681645	300.0	153.0
332.912737861	-300.0	27.0
385.0	-197.772992123	-27.0
131.371992442	300.0	-153.0
-174.343277254	-300.0	-27.0
-385.0	113.437097116	27.0
-289.941453049	300.0	153.0
15.7738166478	-300.0	27.0
321.489086344	300.0	153.0
385.0	175.352813645	-153.0
142.795643959	-300.0	-27.0
-162.919625738	300.0	-153.0
-385.0	-135.857275594	153.0
-301.365104566	-300.0	27.0
4.35016513105	300.0	153.0
310.065434828	-300.0	27.0
385.0	-152.932635167	-27.0
154.219295476	300.0	-153.0
-151.495974221	-300.0	-27.0
-385.0	158.277454072	27.0
-312.788756082	300.0	153.0
-7.07348638566	-300.0	27.0
298.641783311	300.0	153.0
385.0	130.512456689	-153.0
165.642946992	-300.0	-27.0
-140.072322704	300.0	-153.0
-385.0	-180.697632549	153.0
-324.212407599	-300.0	27.0
-18.4971379024	300.0	153.0
287.218131794	-300.0	27.0
385.0	-108.092278212	-27.0
177.066598509	300.0	-153.0
-128.648671188	-300.0	-27.0
-385.0	203.117811027	27.0
-335.636059116	300.0	153.0
-29.9207894191	-300.0	27.0
275.794480278	300.0	153.0
385.0	85.6720997336	-153.0
188.490250026	-300.0	-27.0
-117.225019671	300.0	-153.0
-385.0	-225.537989505	153.0
-347.059710632	-300.0	27.0
-41.3444409358	300.0	153.0
264.370828761	-300.0	27.0
385.0	-63.2519212557	-27.0
199.913901542	300.0	-153.0
-105.801368154	-300.0	-27.0
-385.0	247.958167983	27.0
-358.483362149	300.0	153.0
-52.7680924525	-300.0	27.0
252.947177244	300.0	153.0
385.0	40.8317427777	-153.0
211.337553059	-300.0	-27.0
-94.3777166375	300.0	-153.0
-385.0	-270.378346461	153.0
-369.907013666	-300.0	27.0
-64.1917439692	300.0	153.0
241.523525727	-300.0	27.0
385.0	-18.4115642998	-27.0
222.761204576	300.0	-153.0
-82.9540651207	-300.0	-27.0
-385.0	292.798524939	27.0
-381.330665183	300.0	153.0
-75.6153954859	-300.0	27.0
230.099874211	300.0	153.0
385.0	-4.00861417811	-153.0
234.184856093	-300.0	-27.0
-71.530413604	300.0	-153.0
-377.245683301	-300.0	-27.0
-385.0	-284.781296583	27.0
-87.0390470027	300.0	153.0
218.676222694	-300.0	27.0
385.0	26.428792656	-27.0
245.608507609	300.0	-153.0
-60.1067620873	-300.0	-27.0
-365.822031784	300.0	-153.0
-385.0	262.361118105	153.0
-98.4626985194	-300.0	27.0
207.252571177	300.0	153.0
385.0	-48.848971134	-153.0
257.032159126	-300.0	-27.0
-48.6831105706	300.0	-153.0
-354.398380267	-300.0	-27.0
-385.0	-239.940939627	27.0
-109.886350036	300.0	153.0
195.828919661	-300.0	27.0
385.0	71.2691496119	-27.0
268.455810643	300.0	-153.0
-37.2594590539	-300.0	-27.0
-342.974728751	300.0	-153.0
-385.0	217.520761149	153.0
-121.310001553	-300.0	27.0
184.405268144	300.0	153.0
385.0	-93.6893280898	-153.0
279.879462159	-300.0	-27.0
-25.8358075372	300.0	-153.0
-331.551077234	-300.0	-27.0
-385.0	-195.100582671	27.0
-132.73365307	300.0	153.0
172.981616627	-300.0	27.0
385.0	116.109506568	-27.0
291.303113676	300.0	-153.0
-14.4121560205	-300.0	-27.0
-320.127425717	300.0	-153.0
-385.0	172.680404193	153.0
-144.157304586	-300.0	27.0
161.55796511	300.0	153.0
385.0	-138.529685046	-153.0
302.726765193	-300.0	-27.0
-2.98850450375	300.0	-153.0
-308.7037742	-300.0	-27.0
-385.0	-150.260225715	27.0
-155.580956103	300.0	153.0
150.134313594	-300.0	27.0
385.0	160.949863524	-27.0
314.15041671	300.0	-153.0
8.43514701296	-300.0	-27.0
-297.280122684	300.0	-153.0
-385.0	127.840047237	153.0
-167.00460762	-300.0	27.0
138.710662077	300.0	153.0
385.0	-183.370042002	-153.0
325.574068226	-300.0	-27.0
19.8587985297	300.0	-153.0
-285.856471167	-300.0	-27.0
-385.0	-105.419868759	27.0
-178.428259136	300.0	153.0
127.28701056	-300.0	27.0
385.0	205.790220479	-27.0
336.997719743	300.0	-153.0
31.2824500464	-300.0	-27.0
-274.43281965	300.0	-153.0
-385.0	82.9996902815	153.0
-189.851910653	-300.0	27.0
115.863359044	300.0	153.0
385.0	-228.210398957	-153.0
348.42137126	-300.0	-27.0
42.7061015631	300.0	-153.0
-263.009168134	-300.0	-27.0
-385.0	-60.5795118036	27.0
-201.27556217	300.0	153.0
104.439707527	-300.0	27.0
385.0	250.630577435	-27.0
359.845022776	300.0	-153.0
54.1297530798	-300.0	-27.0
-251.585516617	300.0	-153.0
-385.0	38.1593333257	153.0
-212.699213686	-300.0	27.0
93.0160560102	300.0	153.0
385.0	-273.050755913	-153.0
371.268674293	-300.0	-27.0
65.5534045965	300.0	-153.0
-240.1618651	-300.0	-27.0
-385.0	-15.7391548477	27.0
-224.122865203	300.0	153.0
81.5924044934	-300.0	27.0
385.0	295.470934391	-27.0
382.69232581	300.0	-153.0
76.9770561132	-300.0	-27.0
-228.738213583	300.0	-153.0
-385.0	-6.68102363019	153.0
-235.54651672	-300.0	27.0
70.1687529767	300.0	153.0
375.884022673	-300.0	27.0
385.0	-282.108887131	-27.0
88.40070763	300.0	-153.0
-217.314562067	-300.0	-27.0
-385.0	29.1012021081	27.0
-246.970168237	300.0	153.0
58.74510146	-300.0	27.0
364.460371157	300.0	153.0
385.0	259.688708653	-153.0
99.8243591467	-300.0	-27.0
-205.89091055	300.0	-153.0
-385.0	-51.5213805861	153.0
-258.393819753	-300.0	27.0
47.3214499433	300.0	153.0
353.03671964	-300.0	27.0
385.0	-237.268530175	-27.0
111.248010663	300.0	-153.0
-194.467259033	-300.0	-27.0
-385.0	73.941559064	27.0
-269.81747127	300.0	153.0
35.8977984266	-300.0	27.0
341.613068123	300.0	153.0
385.0	214.848351697	-153.0
122.67166218	-300.0	-27.0
-183.043607517	300.0	-153.0
-385.0	-96.3617375419	153.0
-281.241122787	-300.0	27.0
24.4741469099	300.0	153.0
330.189416607	-300.0	27.0
385.0	-192.428173219	-27.0
134.095313697	300.0	-153.0
-171.619956	-300.0	-27.0
-385.0	118.78191602	27.0
-292.664774303	300.0	153.0
13.0504953932	-300.0	27.0
318.76576509	300.0	153.0
385.0	170.007994741	-153.0
145.518965214	-300.0	-27.0
-160.196304483	300.0	-153.0
-385.0	-141.202094498	153.0
-304.08842582	-300.0	27.0
1.62684387645	300.0	153.0
307.342113573	-300.0	27.0
385.0	-147.587816263	-27.0
156.94261673	300.0	-153.0
-148.772652966	-300.0	-27.0
-385.0	163.622272976	27.0
-315.512077337	300.0	153.0
-9.79680764026	-300.0	27.0
295.918462056	300.0	153.0
385.0	125.167637785	-153.0
168.366268247	-300.0	-27.0
-137.34900145	300.0	-153.0
-385.0	-186.042451454	153.0
-326.935728854	-300.0	27.0
-21.220459157	300.0	153.0
284.49481054	-300.0	27.0
385.0	-102.747459307	-27.0
179.789919764	300.0	-153.0
-125.925349933	-300.0	-27.0
-385.0	208.462629932	27.0
-338.35938037	300.0	153.0
-32.6441106737	-300.0	27.0
273.071159023	300.0	153.0
385.0	80.3272808295	-153.0
191.21357128	-300.0	-27.0
-114.501698416	300.0	-153.0
-385.0	-230.88280841	153.0
-349.783031887	-300.0	27.0
-44.0677621904	300.0	153.0
261.647507506	-300.0	27.0
385.0	-57.9071023515	-27.0
202.637222797	300.0	-153.0
-103.0780469	-300.0	-27.0
-385.0	253.302986887	27.0
-361.206683404	300.0	153.0
-55.4914137071	-300.0	27.0
250.22385599	300.0	153.0
385.0	35.4869238736	-153.0
214.060874314	-300.0	-27.0
-91.6543953829	300.0	-153.0
-385.0	-275.723165365	153.0
-372.63033492	-300.0	27.0
-66.9150652238	300.0	153.0
238.800204473	-300.0	27.0
385.0	-13.0667453957	-27.0
225.484525831	300.0	-153.0
-80.2307438661	-300.0	-27.0
-385.0	298.143343843	27.0
-384.053986437	300.0	153.0
-78.3387167405	-300.0	27.0
227.376552956	300.0	153.0
385.0	-9.35343308226	-153.0
236.908177347	-300.0	-27.0
-68.8070923494	300.0	-153.0
-374.522362046	-300.0	-27.0
-385.0	-279.436477679	27.0
-89.7623682573	300.0	153.0
215.952901439	-300.0	27.0
385.0	31.7736115602	-27.0
248.331828864	300.0	-153.0
-57.3834408327	-300.0	-27.0
-363.098710529	300.0	-153.0
-385.0	257.016299201	153.0
-101.186019774	-300.0	27.0
204.529249923	300.0	153.0
385.0	-54.1937900381	-153.0
259.755480381	-300.0	-27.0
-45.959789316	300.0	-153.0
-351.675059013	-300.0	-27.0
-385.0	-234.596120723	27.0
-112.609671291	300.0	153.0
193.105598406	-300.0	27.0
385.0	76.6139685161	-27.0
271.179131897	300.0	-153.0
-34.5361377993	-300.0	-27.0
-340.251407496	300.0	-153.0
-385.0	212.175942245	153.0
-124.033322807	-300.0	27.0
181.681946889	300.0	153.0
385.0	-99.034146994	-153.0
282.602783414	-300.0	-27.0
-23.1124862826	300.0	-153.0
-328.827755979	-300.0	-27.0
-385.0	-189.755763767	27.0
-135.456974324	300.0	153.0
170.258295373	-300.0	27.0
385.0	121.454325472	-27.0
294.026434931	300.0	-153.0
-11.6888347659	-300.0	-27.0
-317.404104463	300.0	-153.0
-385.0	167.335585289	153.0
-146.880625841	-300.0	27.0
158.834643856	300.0	153.0
385.0	-143.87450395	-153.0
305.450086448	-300.0	-27.0
-0.265183249149	300.0	-153.0
-305.980452946	-300.0	-27.0
-385.0	-144.915406811	27.0
-158.304277358	300.0	153.0
147.410992339	-300.0	27.0
385.0	166.294682428	-27.0
316.873737964	300.0	-153.0
11.1584682676	-300.0	-27.0
-294.556801429	300.0	-153.0
-385.0	122.495228333	153.0
-169.727928874	-300.0	27.0
135.987340822	300.0	153.0
385.0	-188.714860906	-153.0
328.297389481	-300.0	-27.0
22.5821197843	300.0	-153.0
-283.133149912	-300.0	-27.0
-385.0	-100.075049855	27.0
-181.151580391	300.0	153.0
124.563689306	-300.0	27.0
385.0	211.135039384	-27.0
339.721040998	300.0	-153.0
34.005771301	-300.0	-27.0
-271.709498396	300.0	-153.0
-385.0	77.6548713774	153.0
-192.575231908	-300.0	27.0
113.140037789	300.0	153.0
385.0	-233.555217862	-153.0
351.144692514	-300.0	-27.0
45.4294228177	300.0	-153.0
-260.285846879	-300.0	-27.0
-385.0	-55.2346928995	27.0
-203.998883424	300.0	153.0
101.716386272	-300.0	27.0
385.0	255.97539634	-27.0
362.568344031	300.0	-153.0
56.8530743344	-300.0	-27.0
-248.862195362	300.0	-153.0
-385.0	32.8145144215	153.0
-215.422534941	-300.0	27.0
90.2927347556	300.0	153.0
385.0	-278.395574817	-153.0
373.991995548	-300.0	-27.0
68.2767258511	300.0	-153.0
-237.438543846	-300.0	-27.0
-385.0	-10.3943359436	27.0
-226.846186458	300.0	153.0
78.8690832388	-300.0	27.0
384.584352935	300.0	153.0
385.0	299.184246705	-153.0
79.7003773678	-300.0	-27.0
-226.014892329	300.0	-153.0
-385.0	-12.0258425343	153.0
-238.269837975	-300.0	27.0
67.4454317221	300.0	153.0
373.160701419	-300.0	27.0
385.0	-276.764068227	-27.0
91.1240288846	300.0	-153.0
-214.591240812	-300.0	-27.0
-385.0	34.4460210123	27.0
-249.693489491	300.0	153.0
56.0217802054	-300.0	27.0
361.737049902	300.0	153.0
385.0	254.343889749	-153.0
102.547680401	-300.0	-27.0
-203.167589295	300.0	-153.0
-385.0	-56.8661994902	153.0
-261.117141008	-300.0	27.0
44.5981286887	300.0	153.0
350.313398385	-300.0	27.0
385.0	-231.923711271	-27.0
113.971331918	300.0	-153.0
-191.743937779	-300.0	-27.0
-385.0	79.2863779681	27.0
-272.540792525	300.0	153.0
33.174477172	-300.0	27.0
338.889746869	300.0	153.0
385.0	209.503532793	-153.0
125.394983435	-300.0	-27.0
-180.320286262	300.0	-153.0
-385.0	-101.706556446	153.0
-283.964444041	-300.0	27.0
21.7508256553	300.0	153.0
327.466095352	-300.0	27.0
385.0	-187.083354315	-27.0
136.818634951	300.0	-153.0
-168.896634745	-300.0	-27.0
-385.0	124.126734924	27.0
-295.388095558	300.0	153.0
10.3271741386	-300.0	27.0
316.042443835	300.0	153.0
385.0	164.663175837	-153.0
148.242286468	-300.0	-27.0
-157.472983229	300.0	-153.0
-385.0	-146.546913402	153.0
-306.811747075	-300.0	27.0
-1.09647737815	300.0	153.0
304.618792319	-300.0	27.0
385.0	-142.242997359	-27.0
159.665937985	300.0	-153.0
-146.049331712	-300.0	-27.0
-385.0	168.96709188	27.0
-318.235398592	300.0	153.0
-12.5201288949	-300.0	27.0
293.195140802	300.0	153.0
385.0	119.822818881	-153.0
171.089589502	-300.0	-27.0
-134.625680195	300.0	-153.0
-385.0	-191.387270358	153.0
-329.659050108	-300.0	27.0
-23.9437804116	300.0	153.0
281.771489285	-300.0	27.0
385.0	-97.4026404032	-27.0
182.513241018	300.0	-153.0
-123.202028678	-300.0	-27.0
-385.0	213.807448836	27.0
-341.082701625	300.0	153.0
-35.3674319283	-300.0	27.0
270.347837768	300.0	153.0
385.0	74.9824619253	-153.0
193.936892535	-300.0	-27.0
-111.778377162	300.0	-153.0
-385.0	-236.227627314	153.0
-352.506353142	-300.0	27.0
